5000	
3971.64111328125	
3154.78662109375	
2505.93627929688	
1990.53588867188	
1581.13879394531	
1255.94323730469	
997.631164550781	
792.446594238281	
629.462707519531	
500	
397.164123535156	
315.478668212891	
250.593612670898	
199.053588867188	
158.113876342773	
125.59432220459	
99.7631149291992	
79.2446594238281	
62.9462699890137	
50	
39.7164115905762	
31.5478668212891	
25.059362411499	
19.9053592681885	
15.8113880157471	
12.5594320297241	
9.97631168365479	
7.92446613311768	
6.29462718963623	
5	
3.97164106369019	
3.15478682518005	
2.50593614578247	
1.99053585529327	
1.58113884925842	
1.25594317913055	
0.997631132602692	
0.792446613311768	
0.629462718963623	
0.5	
0.397164106369019	
0.315478682518005	
0.250593602657318	
0.199053585529327	
0.15811388194561	
0.125594317913055
0.1	
